7.98331411360813
13.8590434423776
81.0796872518164
74.9609036461102
68.163934339562
76.7527963020243
16.614400632383
84.0801973635358
43.951977509133
54.9347061257095
68.3952003267944
24.0873146326955
81.9643420430101
34.6222281071974
15.4385246875332
16.3825184659906
38.4315700707536
13.503686536481
42.6559641788526
56.7610219194655
30.0547183092835
21.0841743556145
46.0948400468308
50.3212418854808
26.514701258586
23.2053481331889
38.8925083774762
29.1793435715171
16.9347935508814
39.7049015766541
89.274808129613
96.8020883375338
95.861825091254
84.2294895932895
72.7457984138493
70.6603936824713
40.9082170076278
63.1205298178529
47.293252676624
63.4763419292732
49.2611696359777
10.2157856977897
6.42932678914967
39.4030398072211
76.8053070528016
52.0735909153601
43.9679255850134
55.9186409204123
77.4216872811341
85.8161653801432
85.6915893872678
94.9744032718748
74.7325844887673
53.3513544951049
35.8757397660408
52.0157708341024
50.58362051785
31.5784521347666
25.7238934210118
81.9615478687105
98.1309491836715
50.2862000249891
81.1435059395475
54.2081835504455
39.5820592071917
46.3447482304872
89.2904744908616
90.4154086939521
34.2876416507654
64.5759694884177
97.5755415292578
9.47987226548648
19.6746465595115
99.0182004242342
31.3149315453341
83.0314191361801
10.935412421917
11.4048914994797
43.1900510729744
75.3711384484966
93.7453723025161
71.3369411202876
80.7390197820222
56.45270027319
43.6856033168755
91.1933239300922
69.1307088117266
1.79269318035935
95.4221727646175
11.2041551703953
92.6768727783706
34.6480831851103
20.7801259598501
60.7772183694195
27.4394053719387
93.0484415058736
97.1968388501299
42.1583787600724
31.7197563912497
76.0086409415926
4.01060414496506
64.4158659858803
64.320651704676
12.2282046827841
53.8115141328749
88.7282930763945
40.7034882143915
12.6228132708867
87.6412279021554
20.7491406120553
93.2976646960352
91.0105414603542
56.976846544757
19.7014317025975
8.33268763274866
30.1316131686129
10.7851483650638
55.6731111228075
22.0546901127388
11.9197357702909
63.9126383858727
81.7463769347967
73.7630527628408
39.6318109540438
62.9225237925017
43.0755514269279
1.77964979699787
37.2099244628366
89.2526206327151
94.3631764661376
96.5748918181486
89.2863975317091
57.1116083450381
65.4705326426196
78.465731274704
68.8032449708395
17.5307587710368
3.79686813369062
76.52816768862
12.6180348661343
70.9325564682775
34.7939382771315
51.9000691910147
37.0877890346144
1.76727862993324
48.3341566734026
29.0713457733499
12.902607927527
71.3168969843895
19.9693994808555
89.9621992373934
32.8850548704075
62.5983819437099
70.3134426784175
9.78336635549617
38.6463986162234
46.1539122434534
12.3268036961989
3.37449648416701
16.5254964152773
91.9444026180944
21.2135602060783
33.7600940584945
13.821808423706
62.9284389361789
22.5531862715442
59.1913412826639
60.7246745312032
95.3869359273572
45.3467357289242
54.4136281726349
48.3529628380076
62.6328884195676
43.5784708606107
0.0832871509938826
9.83142130123653
78.2262541189031
94.9664373749926
50.2348888910614
69.2839367513109
75.8095656570749
32.6461806775271
40.8670363075341
67.0233348005034
91.6161031518957
25.0109396527421
17.7769257442588
81.1287463775592
16.8176471248376
62.7918989279308
33.7515597661817
53.1538279748752
7.22375654647784
39.2385851059061
84.4484257720875
85.0936594378886
72.2824592855279
69.0499129864051
29.4152301574368
16.2088615101162
81.5389835701499
11.1708805935905
35.6639302224306
61.1787816216953
50.1729804813966
67.9311331405657
12.2983666893784
8.7103968243234
4.25637023786898
83.0447221409287
97.4792998155134
44.6072835811499
97.0667703480689
60.0630329721113
55.3901229125952
91.907511566469
99.0812128524315
53.885198555605
28.0479998629612
8.59703896697184
22.8998121006544
35.3550146951491
22.3081792031333
70.2250262538591
59.859985061701
3.84558025556032
49.065807780654
99.1808502632757
94.8620342937335
87.6502590221079
42.6142331275255
7.19339693132142
60.1121606592447
66.1212560031913
91.8285767844434
54.5978454293028
75.0875599067843
11.5477753775522
0.07781210396125
24.9625349849332
69.8409556049402
50.0295364913569
41.6097208077939
81.7200346058492
80.4020118566104
97.9260245302086
2.99546402366353
43.5061214931032
49.9263339921161
39.2573999765034
38.7711169304094
55.0444223942044
36.627485288334
66.6721419635181
50.691912746532
72.7518897478198
71.4544039377873
37.8144114042215
35.3531528569089
49.9724774654119
84.8090782465153
75.2184465550258
70.9742966351168
31.1272558288771
25.0131106225499
12.8882027225472
11.8466782346143
21.4151675076643
72.215153577962
19.7105753849215
79.580139540985
27.3885833638921
43.2849149566952
88.5850583283201
30.4316498495108
91.2031737696459
27.07678616779
1.97924174404278
4.5542349075415
9.10627485692643
59.1929275991081
77.4483058419094
38.1742919894446
13.3483057076354
72.7701308602992
69.9602696616537
26.0091549033685
50.8067882185223
61.407749305511
97.682368655623
36.5066245136187
44.8935424941801
84.5087276662259
51.8052145233113
4.86862775014423
27.5265833799686
89.1980498326152
13.1704929511102
1.76924241745091
61.9055343961556
29.6010421079348
94.6475355991325
12.9625576592044
95.4119101246071
29.4086988747441
50.6593181310706
75.6802619318545
25.104803280022
60.941819804113
87.8369425527737
31.2369930408092
80.0022545189925
39.7760437594886
93.8936158605827
44.3003794460065
17.6952877520911
52.6441156455281
97.4271942514363
52.8618799001773
54.9641675767184
24.8407098789588
28.0196791633642
89.3960207926636
49.1462846916143
76.5821391634137
63.8002844472098
13.6639685843502
79.2961060377216
33.3940810831937
9.23599926827592
27.0595896850903
42.9962451845064
19.1033389420443
17.5326051500647
73.5817732939491
49.4038213958781
29.6953985122915
64.4550241513826
45.0278553446605
4.18928911551646
28.2814301770618
49.9563347628097
89.7340150238872
13.9497395577017
14.6221975938236
83.6499489688833
12.3465506081953
92.0217089266579
63.8203507311164
34.3419542983227
54.2125098470986
94.0086797649592
37.4675841820935
53.5956448262226
62.8612830540998
8.46713929971159
94.0824122883857
31.2254512493709
17.8549957053487
48.8161676640139
44.2736320658046
95.8729885786965
47.4718929363615
48.4654757706132
47.7021944595311
27.1264269313306
85.0229221211858
28.2745036547105
54.3909653206985
14.2910126088651
9.1694229654717
48.7020315335378
80.8610109386581
49.7509793681203
43.8037584950987
57.3856539016127
43.3803702337261
27.2914497760837
59.5818962253343
14.4698279424951
65.5350580638402
74.7458900416589
91.0769079019413
4.90893764040763
37.4230627753153
59.4354049834664
26.0871297652226
0.399320468245179
38.8936373827693
89.1682990751619
22.5268445506881
98.7953906622884
92.0820188462958
92.7320410575931
94.5078426558478
70.1562681183511
79.512125075097
5.05770967058794
83.956624321581
64.3295911091279
36.5575557760454
33.3543228862737
93.9863485486011
62.6498605781769
92.1776423330261
22.8448188705485
22.1494490447323
77.4136399622556
13.5061347984195
32.1970200096814
57.8431540270326
47.8596235806471
89.8036620517178
28.8043279649926
31.0454964342451
45.056894857651
34.0421354820254
8.7673241101669
47.0558152896285
64.0810292625765
58.3330684310756
73.3565421129796
62.145758841913
47.8889621103654
97.7181343414063
67.0585940960677
41.4514369529495
90.2061445153869
78.497467340468
17.7452249998524
56.8241652445632
5.39235808098439
98.0800011056946
59.3428977248237
87.7882280141943
21.5970565880191
56.9138265479541
55.4668306001233
62.6237921291047
53.5551572669441
45.818907371299
49.2281749607116
43.6085612622474
86.1762214498562
88.2378061655732
11.7988903663857
15.6325001893432
56.7728507515135
93.5931236151877
48.8610045125114
71.0780136762775
58.5492866714681
29.9564209122611
99.8729904145634
6.67786499862721
11.0825448932552
39.2682617953287
56.8161112464168
15.9818966009464
4.29234683099153
21.8909570459562
64.9604295258101
0.35080107238592
34.1915363887772
17.6254020148523
2.9989084195023
53.6328157372918
13.9769957039569
23.5943480664577
79.9863050353721
42.7618099846224
79.266206091588
64.5123229764952
14.7975249290596
95.6498322383464
67.0729457443748
74.5654945405978
64.7604299287266
76.4533144524247
54.0760802198683
51.9638372038916
54.7559240231152
29.4018274485563
99.5593916148955
4.5662946512909
89.0111407153071
79.0360715525562
74.8418138359703
47.9930132562718
44.1998761674427
5.36470507605991
35.8927007738522
34.315433322023
85.03071190013
55.8871894841896
35.014757730459
50.5558484131317
79.5327050143811
96.7240958368915
85.9194203770024
10.446259018342
39.5887491236337
46.6418035418453
23.2196760935061
81.6177365554356
68.3278816687732
30.2622608601705
0.389996001778314
12.8543585779131
56.7425892900431
50.2299982125972
81.7210886064508
4.30085721991453
60.8806986963344
27.89992139334
24.9200039518605
57.4237216707008
83.2713922545722
33.8550935616095
57.0276168363385
43.7673930530227
29.5414115697668
4.22077359651603
91.5621051498853
92.608667740841
66.6832648897767
67.5789453200647
57.6276210662506
50.7942641411152
52.9373914979288
36.8884784650117
39.5933348760998
54.4619895317641
72.0924146013701
18.0744393395482
0.353319944237995
45.9208489434079
95.1019898333755
64.0729481690965
62.6887488607771
1.43804854613343
18.7359856138144
42.6248923269494
96.4994915836705
21.6019428042845
30.5629705035784
65.8347813500551
38.3438524882031
97.6628390421599
9.49788759599954
47.594602023943
1.57676099781483
59.9739862715101
55.6035231611418
54.8737311616076
7.22464612004856
51.3513184178567
17.5295824473224
14.3643212451135
28.4583850014535
44.6433766969168
43.1940259983236
36.1291210957528
35.0655257959382
43.6655830847958
62.9054513144794
50.119961438784
2.68335196235725
6.33145784612203
44.5028834211769
94.4271548820989
7.80168481902948
2.54575018292833
59.2230201592841
90.9023626846132
20.8075200354237
44.2615634938424
13.4299200286222
34.7020979997421
81.8140679844142
85.9086867380331
35.1559784478226
69.970498292022
57.9484237622943
7.84927223136584
32.2659685917642
30.2753395907569
35.4813364581538
39.0980091133532
39.1905817812599
65.8000134135133
59.048285169262
6.55781196274496
46.3674459787654
31.2583748143606
45.6747075647634
82.5820568569856
17.1236855386084
60.9335283369457
39.8836717462835
39.7063338162727
73.6448672205881
47.3527789308132
43.3979399909539
67.6348262965849
11.3733128517723
75.4186683708266
18.4791499399061
2.56955644780454
40.699404162919
47.1522756541173
86.4661411634479
10.0981304829435
68.7503164831796
86.7143134866833
95.3361890429242
30.2830629624882
11.6017513995871
9.50903356257804
23.9334798086794
75.3115333340123
59.0623504263149
11.7150921325784
1.76747661357624
86.8693139314647
17.592718432789
21.608355606288
16.9212929521912
40.909887080922
0.769023299464777
5.93867488182944
39.6307128070951
93.1252212301022
66.3951232554325
43.102958000598
23.5644828655417
8.42658336757047
61.8797618529882
29.939954830996
42.8848572524252
14.1629086743254
8.36171880091285
45.9900660446362
51.9855057185346
69.5039096053353
54.3835691604258
43.6607329111975
1.6457083569172
95.071066681604
63.3440399556321
95.8715856539396
34.5216599445827
58.0001834344774
68.7225183137585
15.693057526823
2.79660117181422
41.4650894331604
66.9522150795757
61.8196406462584
78.8727885770193
35.3966193937953
1.16847869312977
76.3288991856964
57.7139162013417
90.6199642639624
77.7859422302583
29.2767970695973
7.40291606416932
63.645163150095
11.435228131343
0.788372034758922
7.29599778821282
8.43066425705992
98.251986535351
43.2523271115553
4.52074632099269
16.9618098890357
10.4557605434465
82.1632454653322
17.2379869583629
77.620576268831
0.74371140930225
27.5328963790269
53.8803550251124
72.0582047189158
18.9772548417196
42.3820202020234
2.37397985772461
13.4192778616981
18.2433125592667
9.70808958732725
62.0848154150401
94.9176041889604
56.4738272063707
33.8973745393357
47.9118291638564
54.3567578708778
53.8175799756516
31.5182209478035
33.6419030984111
11.4595592736737
16.8498450322616
4.81631764004611
27.5148121052375
27.8719565817259
87.0131693525963
39.363906792995
83.1124316280416
9.3009614248178
62.5042371219692
35.8379180594138
53.4382949710412
83.1092827442408
6.81752063369458
30.7739092284049
44.7081768536215
68.3093745425811
21.5488909454976
8.63300690928064
32.3084302441991
16.5775459012881
80.6367176282748
79.2097908499453
67.0377543068533
58.7578569674992
4.32188403695335
32.1947863261268
41.6338287405686
90.2715237571076
76.6517388935483
71.7929518161196
61.2652201278514
77.6287588446895
64.8089528484959
36.2088051571444
86.7700553870172
56.4071655626666
92.9497063279399
72.3716518140019
4.63757229061414
15.977261461963
20.1842586318762
38.6352950283904
45.8107035212343
58.097213744421
10.9868941709124
65.8026507080802
88.1537351353792
63.2537064133761
7.40416616787485
8.46639120908286
60.757708846085
71.0948072530474
83.2254173545977
48.4041329110209
37.0890164656778
58.0970436897832
99.6354074139546
74.0152939361021
87.3274704213166
88.1584113587085
85.1956744025472
4.24361176542156
26.1554327178978
89.3500090479552
27.2716583904369
72.1139571127591
72.8782523254317
24.6421998694135
10.7717763209138
47.2565414756115
57.269703961169
35.9099222598235
48.390213875517
94.240422545894
92.1982458705394
41.5917969990378
66.1073491773777
15.148395378564
67.2171267353839
9.51727909341464
91.7231007294291
61.866449135368
34.2725785029977
40.9260673615623
22.4642543131296
72.6150005929821
84.9409389851651
30.697591127036
51.5646269180749
55.2106176800091
99.6514617726596
86.2114238180968
21.0769263832219
18.6229503356213
63.7531975975925
24.8102087482767
48.5100195564272
27.1016232140763
37.670577003535
42.0859041532484
84.230185670603
95.3239464439104
72.4545953015031
72.5211439393849
82.517461542021
56.8009980383035
25.5287035486809
5.56604880739862
75.8885373691442
64.6339558939342
41.1670499361755
87.0051907005848
95.5084925988459
37.4040398595863
67.106500762133
23.2703931414509
72.5001267809745
52.5900963528397
22.624305347211
18.7959222128956
29.5693968019506
44.8322507033733
68.4142610706907
50.0191689606115
50.0086756234339
61.3051970547286
47.732189417426
8.44042509201479
13.7888549030734
6.45012351282581
28.6853577783681
6.32059127376614
66.6418808909583
13.672012539099
25.4015809905646
16.9789123348284
37.8647960276098
72.9836445988067
71.3860174863235
34.9298875150144
22.704913967209
26.9260980408983
60.9735436956477
64.757637810111
73.8360395632313
98.6874113547625
27.7909532610799
39.9680077039253
8.39281393275826
7.75838657124943
44.9974909297687
0.196816394977262
88.6419743104668
51.6017959005605
77.278300933849
16.0127352710763
8.5457252636445
23.875538977914
94.6896525071487
1.87353510864803
49.6861782155591
8.26111656934323
43.1262071637711
39.125699525437
19.3060863661088
34.7381695245542
14.0905197322645
89.6429218450937
63.1775382559098
35.3583104014628
40.3473241478842
96.9545719901621
45.7970316428259
57.6640807778556
75.756351904861
83.5091195561166
0.745086298424269
24.6411310595587
72.976372110633
80.8505100833546
92.2264260359412
4.56567284157465
16.7612335146607
2.57089498643559
63.6704230010693
26.7094278288393
82.2298369557323
49.3666928703622
26.2311072422278
49.2977232265712
84.852577633584
40.6049923123351
6.05425807795683
24.4025926166326
54.0857767131961
99.5545748641693
97.8110670456743
75.9237648958912
66.7943772632903
89.7136232854411
88.3312514982649
97.1107931152655
5.08561666434488
50.1502651004476
19.8634594628174
14.1663212739598
80.2489126458546
8.9507667331862
60.7699964393092
53.6131415423366
78.5387192776049
49.044219963827
72.1114796461308
89.8882882589486
12.989028795392
50.9552315175274
82.9426410640778
52.9404796224437
99.8144213379099
66.3532194919501
73.133313740783
5.65978452737959
48.7995037584405
66.3567183034775
69.6213024435409
90.2799917244291
59.0351369025193
23.9643781338717
76.2315161400778
19.296822670027
28.1174343609173
3.08439673901439
16.1560821940483
98.0833893182048
12.2380309660649
42.5967221893675
84.0433268348875
6.71518494818137
53.2779724494596
5.69579589792859
97.1121496501283
1.30994116522025
17.9516749676388
58.2266474057125
44.0775978023936
79.5249187093372
63.1731508849619
98.4570870871739
50.7910146429978
70.1301549066354
55.1380015227345
71.1493514584934
82.7741536294468
77.4978977513666
70.1979447961243
5.14411937028179
59.2337682050996
33.4354469632611
0.578782012853907
42.9991172930162
59.216567815858
71.372927174242
73.5491198508221
18.3968494084031
8.40172577097604
52.1436689113298
79.0397569155935
49.7271045528723
71.2894924529337
92.4199005083704
37.2588255531106
81.9480884705388
66.4525636947943
2.55988974815828
37.9244550080209
31.8360875722252
26.8568352225685
51.7665491586012
48.786297823677
90.1607707145235
49.3776961548335
86.9463647117666
39.633643826155
57.0973596583801
0.447233912206002
24.6983554529702
54.5574413715521
41.0462280903221
52.7392957652481
70.9751525685132
9.47526001336243
25.5258046411999
31.9684348909817
52.9742318352429
2.53346861489447
1.29923846720494
15.8430174654185
45.8813745328111
24.7235744404826
